Running as regular user pi
 16777215

     3237     1650      408      406      406      406
      407     1223      406      406      407     1223
      406      407      406      406      407      414
      407     1226      403     1222      407      406
      406      406      407      406      406     1223
      407     1223      407      414      407      406
      407      407      406      405      407      404
      407      408      406      406      407      405
      407      415      407      406      406      407
      406      406      406      406      407     1222
      410      402      407      406      407      415
      407      406      406      407      407      405
      407      406      407     1223      407      406
      407      407      406      415      409      403
      407     1222      407      407      406      406
      407      406      406      406      407      406
      407      415      407     1223      406      406
      407     1224      404     1223      406     1224
      406     1223      407     1223      406     1224
      407   140405-pulse