Running as regular user pi
  7037201

  7013216-space

     3237     1652      405      406      406      406
      407     1223      407      406      406     1223
      406      406      407      406      407      414
      407     1226      404     1222      406      406
      407      406      407      405      407     1223
      406     1223      407      415      407      406
      409      403      406      405      407      405
      409      405      407      406      406      406
      407      414      407      406      406      406
      407      405      407      406      406     1226
      403      406      407      405      407      414
      408      406      407      405      407      406
      407      406      407     1222      407      406
      407      405      407      418      405      405
      407     1223      407      406      407      406
      407      406      406      406      407      406
      406      415      406     1223      406      406
      407     1221      407     1222      408     1222
      406     1223      407     1223      407     1223
      410   139957-pulse