Running as regular user pi
  5729324

  5703132-space

     3238     1651      407      406      407      409
      404     1222      407      406      407     1222
      407      406      407      406      406      415
      407     1223      407     1225      405      405
      407      406      407      405      407     1222
      407     1223      407      414      407      406
      407      406      407      405      407      406
      408      405      406      406      407      406
      406      415      407      405      408      405
      406      406      407      406      407     1223
      407      406      407      406      410      412
      406      406      406      406      406      407
      406      406      407     1223      406      406
      407      406      406      415      406      406
      407     1226      404      406      406      406
      407      406      407      405      406      406
      407      414      407     1223      407      406
      407     1222      407     1223      435     1194
      407     1222      407     1223      407     1223
      407   142116-pulse