Running as regular user pi
  7668722

  7647461-space

     3252     1641      412      399      415      399
      414     1216      413      399      414     1215
      413      402      412      399      414      408
      412     1216      413     1216      413      399
      414      400      412      399      413     1217
      413     1218      412      409      412      400
      412      400      413      400      412      400
      412      401      412      400      412      400
      412      409      411      401      436      377
      415      397      412      401      412     1217
      412      400      438      375      412      409
      412      401      412      401      412      400
      412      401      412     1217      412      401
      411      401      411      410      412      400
      412     1219      411      401      411      401
      411      401      412      401      412      401
      410      413      410     1217      412      401
      411     1219      412     1218      410     1219
      411     1218      411     1221      408     1219
      411   137282-pulse