Running as regular user pi
 15849960

 15823608-space

     3247     1645      411      401      411      404
      409     1217      410      402      412     1218
      411      401      412      401      412      410
      412     1218      411     1221      409      401
      411      401      412      401      412     1218
      412     1218      412      410      411      401
      412      400      412      400      412      401
      413      400      411      387      425      401
      411      410      412      401      411      401
      412      401      411      402      411     1218
      411      401      411      402      411      414
      408      401      411      401      411      402
      410      402      412     1218      411      401
      411      402      411      410      411      401
      412     1221      409      401      411      401
      411      401      412      401      411      402
      411      410      411     1219      410      402
      410     1219      411     1220      410     1219
      411     1219      411     1218      411     1219
      411   142303-pulse