Running as regular user pi
 16155176

 16126880-space

     3241     1645      409      403      409      403
      409     1221      411      401      409     1220
      409      404      408      404      409      413
      408     1221      408     1222      408      404
      409      404      411      401      409     1221
      408     1221      409      412      408      404
      408      404      408      405      407      405
      408      405      408      404      408      406
      407      413      407      405      409      403
      409      404      408      405      408     1222
      408      404      408      404      407      414
      409      404      408      409      404      405
      408      405      408     1222      407      405
      408      405      407      414      407      405
      408     1222      408     1221      408     1222
      408     1222      408     1222      407     1222
      407     1231      408     1222      416      397
      407      406      406     1223      406      405
      408      405      407      406      407      414
      407      405      408      404      408      405
      408      405      408     1225      404     1222
      408      405      408      413      408     1222
      408      405      408      405      408      405
      407      405      408      407      405     1222
      407      414      408      405      408      405
      408      405      408      405      407      405
      408      404      407      405      408      414
      407     1223      407      406      408      403
      409      404      408      405      408      405
      408      405      408      414      408      405
      407      405      408      405      407      405
      411      402      408      405      407      405
      408      413      407      406      407      406
      407      405      408      405      408      405
      408      405      408      404      408      413
      408      407      406      405      407      405
      407      405      408      405      407      405
      408      405      408      413      408      405
      408      404      408      404      408      405
      408      404      408     1221      408      405
      408      414      406      405      407     1222
      408     1221      408     1222      408      404
      408     1222      408     1221      408      406
      408   135741-pulse