Running as regular user pi
 13999228

 13976972-space

     3244     1643      413      384      428      387
      427     1216      412      399      415     1215
      413      400      413      398      417      396
      423     1215      414     1216      413      400
      415      398      412      401      412     1216
      411     1219      416      408      414      397
      415      399      413      380      432      384
      427      401      414      399      412      400
      414      399      420      402      413      383
      428      381      432      403      409     1217
      411      401      414      398      414      393
      428      397      414      401      414      399
      412      401      411     1217      412      404
      409      400      413      409      412      380
      432     1217      412     1218      413     1216
      412     1219      410     1219      410     1218
      412     1226      411     1218      410      403
      411      390      421     1220      411      402
      414      399      410      404      408      412
      410      403      409      403      409      403
      410      403      409     1220      411     1219
      409      403      410      415      407     1220
      409      403      410      403      409      404
      409     1221      409     1220      409      403
      409      412      409      404      408      404
      410      403      408      405      408      403
      409      404      409      404      409      413
      408      404      408      404      409      404
      408      404      408      404      412      401
      409      404      408      413      409      404
      409      404      409      404      409      404
      408      404      408      405      408      404
      409      413      408      404      411      402
      408      404      408      405      409      404
      408      404      409      404      408      413
      408      404      409      404      409      404
      409      404      408      404      409      404
      409      404      409      412      410      403
      410      403      410      403      409      404
      409      404      409     1220      409      403
      410      411      410     1223      407     1219
      411     1219      412     1217      412     1217
      412     1217      412     1220      409      402
      412   138122-pulse