Running as regular user pi
 12062145

 12038922-space

     3247     1640      412      399      440      373
      414     1216      413      400      413     1216
      413      400      413      399      412      409
      416     1214      412     1218      413      399
      413      399      413      400      412     1216
      413     1217      413      408      413      401
      439      372      430      383      413      398
      414      400      413      400      413      400
      414      408      413      400      413      400
      412      381      433      400      413     1220
      408      400      413      400      412      409
      412      400      413      387      426      400
      413      399      413     1217      412      401
      412      403      409      404      417      402
      412     1218      412     1218      412     1218
      410     1219      411     1218      411     1218
      411     1228      409     1220      409      403
      409      403      409     1221      409      403
      410      403      409      407      405      413
      409      404      409      404      409      404
      409      404      409     1221      409     1221
      408      404      408      413      409     1223
      406      404      408      404      408      405
      408      405      409      404      408     1221
      408      413      408      404      408      405
      408      405      409      406      406      404
      408      406      407      405      408      413
      407      406      408     1221      408      405
      408      405      408      405      407      405
      411      401      408      414      408      405
      408      405      408      405      407      405
      407      405      407      405      408      405
      408      413      407      406      408      405
      407      408      406      405      407      405
      408      404      408      405      407      414
      408      405      407      405      407      405
      408      405      407      405      407      405
      408      407      406      413      408      405
      409      404      409      404      408      405
      408      404      408     1221      408      405
      408      413      408     1222      411      402
      408     1222      408     1222      408      404
      408     1221      408     1221      408      406
      408   140706-pulse