Running as regular user pi
 13498330

 13473235-space

     3211     1647      410      403      408      404
      409     1221      408      405      408     1222
      408      404      409      404      408      413
      408     1221      409     1224      406      403
      409      404      409      404      408     1221
      409     1221      409      412      408      404
      409      405      408      404      408      404
      409      403      408      404      409      404
      408      413      408      405      408      404
      408      405      408      405      407     1222
      409      404      412      401      408      413
      409      404      408      405      408      405
      408      404      408     1222      408      404
      409      404      409      412      409      404
      411     1219      408     1222      409     1221
      408     1222      409     1221      409     1221
      408     1232      407     1221      409      403
      408      405      408     1221      409      404
      409      404      408      404      409      413
      409      407      406      404      409      404
      408      404      409     1221      409     1221
      409      404      409      413      408     1221
      409      404      412      401      409      404
      409      403      409      403      409     1222
      409      412      409     1221      409      404
      409      404      409      403      409      405
      408      403      409      403      409      413
      409      403      409      404      409      404
      409      404      408      404      409      403
      410      403      409      413      409      407
      406      403      409      404      409      404
      408      404      408      404      409      404
      409      412      409      404      409      404
      409      403      409      403      410      405
      406      404      409      404      408      413
      409      404      409      404      409      403
      409      404      409      404      409      404
      409      404      408      413      409      404
      411      402      409      404      409      403
      409      404      409     1221      409      404
      408      413      409      404      408     1221
      409     1224      405     1221      409      404
      409     1221      409     1221      409      404
      408   142611-pulse