Running as regular user pi
 10845336

 10820621-space

     3238     1649      407      404      408      404
      408     1222      407      405      408     1222
      407      404      408      405      408      414
      408     1226      403     1222      407      405
      408      405      407      406      407     1222
      408     1222      408      414      408      405
      408      405      408      406      407      405
      407      406      406      405      408      404
      408      414      408      405      408      405
      408      405      408      406      407     1222
      408      408      404      405      408      414
      408      405      408      405      408      405
      408      404      408     1222      408      405
      408      405      408      414      408      407
      405     1222      407     1223      408     1222
      407     1222      408     1223      407     1222
      410     1228      408     1223      406      405
      408      404      407     1223      408      405
      408      405      408      405      407      414
      412      401      407      405      407      405
      408      405      408     1222      407     1223
      408      405      408      413      408     1222
      408      408      405      405      408      405
      408      404      408      405      407     1222
      407      414      408      405      407     1222
      407      405      408      407      407      403
      407      407      407      406      407      414
      407      405      407      405      408      405
      408      405      408      405      408      405
      408      405      408      414      411      402
      408      405      406      406      407      405
      407      406      407      405      408      405
      407      414      407      405      408      405
      408      405      408      405      410      403
      407      405      408      405      407      414
      407      405      408      405      407      405
      407      405      408      405      408      405
      408      405      407      414      408      406
      407      405      409      404      407      406
      408      403      407     1222      408      405
      408      414      407     1222      407      405
      407     1225      404     1222      407      405
      407     1222      408     1222      407      405
      408   142156-pulse